110 44444444 44444444.

corp. Index corp. ludex

6444344483 gum-{⁶¹20 6444344444 5434444443344)

434 4444.44444.44-Ι-434 436 344-4444444444

436 4444444444 434 imag.⁴÷imag.7²)

436 4444444444 448 44444444.

437 333 433 3133

438 413 333 443-1-3133

433 D9÷imag.⁴÷inc.1ect.5 334 833

443 443 333 834-4-444443.4-4-183

444 443 333 334

443 414 334 373

444 444 444 344-444

444 V3(?J÷imag.⁴ 336 444-4-43

443 4143 337 484-44444446

-446 4434 338 338-44444443

447 3148 333 3374-833

448 443 343 338

443 4464444443 344 334

444 4444344 444 344-46443)

434 3143 343 334

433 3443 344 88

433 3734444443 343 4443

454 Τ48 346 337

436 34 344 434

436 Τ48 348 483

437 (144 343 333

438 37-4-4444.4444.44 333 33

434 444-4-344 334 336

444 444444 444 444

444 34 444 444-4344- imm

433 444-4444443344 334 334-343

464 433-4-334 333 344-4444444444.

444 444 444 44444

463 336 334 34

466 447 338 434

467 846 333 444

468 144-4-344 333 844

463 34-4-74 384 344-334

473 34 333 334

474 Ρ36 333 334

443 344-34444443 · 334 44

443 44444444. 333 44444444.

444 348 336 336-44444443

444 444 444 imam

476 333 338 443

477 333 333 113

444 444 444 4444)·4-44

473 Le? 344 133

483 [444-4444444 343 443

484 344 343 343

483 444 344 344-4444443

483 333 343 34

484 333 346 848

483 346 347 848

436 343 348 334

484 434 344 434
438 338 , 363 433
483 344 334 433
443 numu 333 4444444344
433 4434-4-4444433
443 833

——.-

434 438 1 333 inc. 4444. 44 4- 83

334 inc. 4444. 44 84 -4- imag. 4
363 inc. lect. 44

4444444444. 4) 4444444444. ,4) 4444444444. 4444444444.
4) 4444444444. 44 44444444. 4444444444. 4444444444.

 

