mv

ub. iuer. , ub.

⁴ 341
5 342
6 344
7 344

inser.
¹ 44 41
43 82
43 301
44 304
8 471 45 304
9 48 46 304

40 472 47 304

44 ww 48 304

43 364444 ⁴⁴⁴⁴ 34

3 331
3 332
4 331
5 34244
6 384
7 3814
8 382
9 384
40 39
44 442
43 4432
43 401
44 43
45 43
46 451
47 454
48 444
49 4432
Vlll.⁴ 64
3 63
662
661
631
632
67

634 .

9 684
40 684
44 684
43 684
,43 682
44 59
46 544
46 544

lx. 4 64

444 64

45 64

3 56

Qeooeqezvt-—oe

X.

“ nmmo.

424). inser.

3 692

47421
5791

6 74
7 771
8 842
9 772
40 80
44 731
43 692
4 83
3 864
3 864
4 861
5 861
6 864
7 871
8 95
9 874
40 88
44 88
43 89
43 841
44 732
45 75
46 404
47 96
48 400

424). inser.

44 43’
45 ⁴5⁸
46 45*
47 47*
48 48”
49 ⁴9*

XII. 4 27:

40 ww
44 64“424
43 evm
43 64’244
44 64“244
45 6444444
46 64’444
47 644141
48 64’144
43 evum
30 643444
34 64“424
33 643444

49 634 X⁴⁴⁴.⁴ Wm

30 30
34 44

3 64’444
3 64“444
4 643424
5 64“421
6 64·421
7 evm
8 64’444
9 643444
40 643444
⁴⁴ svm
43 643444
43 evm
44 644414
45 6444444
46 644444

23¹ 6⁴* 141

 

