114

emp. ludex

“wwffl Hm)

5585155558

578 888

5785 888

574 1484

578 1184

578 1184

574 1585

575 1185

578 184

577 857

578 Ρ8

578 888

555 5554)

584 1.77

588 174

555 tw)

5855 5744145535

584 188

555 555-545

585 188

587 145

588 78

555 554445

588 Fe

584 18

588 148

588 858

584 (117

585 847

585 85

587 888

588 88

588 ine. 1558. 871)

888 188

554 585

888 145

558 545

554 inc. 1554. 84

585 558

888 ’18

555555

555 5554555

558 554-1-844

888 148

545 558

514 178

518 187

545 555-4555

544 58

548 114

818 1115

547 544

548 vo

548 5188

555 544-455

1555551551. - 1154514 (exceptis 4445 colorisque usque 55 5555 quae 1141555 5515545, ex.
gr. 5, signatae 5554) Desjardins Desidemtorum 1555155158 (lun. 4874) glandes 4-444;

6581411118 emm.

‘³⁰¹1’

, ww

mex
884 158
555 554-55555
5885 DS
588 0444)
884 048
585 08
585 744
587 inc. 1554. 41)
588 ’147
888 884
585 15515558
584 15515588
858 184
585 558
554 imam
855 inc. 15558
555 {NH-imagi
5555 548-4155555
587 Db
558 048-4155. 1554. 85
548 548-4155. 1554. 88
548 854
5455 854
841 888
545 5554545
845 (185
544 048-4155558
5445 848
5445 4148
545 imam
545 (148
847 188
548 855-4-78
548 855-4-58
555 848-4-75
554 7841455555
5545 ’18
555 5555745
5585 855
5585 848
558 548-4-155. 1554. 84
554 888
555 888
555 884
557 887
558 08
858 188
558 1448
554 1445
558 885585
5585 85
888 185
854 114 ·
555 Mum-imag]
5555 5155

555. 5 (154. 4555) n. 545-555; taso. 415554. 4555) 555-445 raso. 5554. 4545)

n. 444-555 imaginibus expressas 54 ornatas amplo commentario. —Vbi contra·

-—-.——·-

4) Τ51).111118. 8) 151). 11111 18. 8) 1515111118. 4) 1515111114.

5) 751). 1111 5.

 

