134 7777677 7777717.

7177 77777ιί1 64777. 77. 777. 81777

77 7717711177) 7771777177) 77177 scr. 777 7777. 777. 67777
77 71777177177717117777) 647 777. 777-777. 777. 677 77. 747 777
77 777717711777171717777 647777
77 777717717671711771777 7477776277-77777
77 mar 77777177 7477777774777-7777777, 777717
77 7717717717 77771717] 747 77
7-7 omfflvs 6577777777178277.ο.77177171..115·
767777
77 {cmm 647 777. 777. 777
77 om! 6477777
77 mari 7177
77 7177717177) 137. 64777777. 777, 777. 677 77. 677
77. 77. 747 77. 7777
77 max 647777
77 67771Ιί7 7477
77 me maluim 83*2⁷;cs.Me
77 Γ. menius 1 pr. 1. xii 647 77. 777-777. 777. 777. 777. 777 7.
777. 68* 77. 81· 14; menius 1 pr 1 xii
Ι 65*7;1177771771777174777;1777-
nius 7 777 7. 747 77
77 7771711177] Ι roma 647777
77 77171117771 roma 747777
77 mil 647777
77 miruf 77771777
77 miseri 647777.7777;77.777
77 1777111117777 9177771177
77 7. mum l vii Ι musa 1 culum pin 647 77. 777. 777. 777-777. 777. 67777.
747 77777. cs. p. 77
77 ⁴ [777777] 647777
77 1771111777) 74777
77 7177771) 7117ιί11777) Ι imp 7777; 7711177
N 1 77 647777
7 7777 767
7 777 647777
7 7777 767
7 777 ’ 797
7 na 7l*⁴⁰y.h
7 sex 7171711777] 7717717716) 747777
7 sex. 77117177] 7777117717] Meg} ii 647777; 7777
7 sex 7717717717νῖ 647777
77 [7771677177 6477777777
77 7771777777 77777

0 7 {octav 647 777
7 octavi 647777. 67777. 747 77. 76717

7 7777717171] 74777;6777777177177647777.777777.

687 77. 611717. 71. u* 77-77. 787 7,
, 771717

7 omo 647 777. 777. 7177

7 opp 7717171117

7 operca 82*⁴5.86·1.³;cf.c⁴6

7 opercas 8771

7 opffirgu (vel opterga) 647 77. 77. 77. (777). 77-77. 77. 777.
777-777. 777. 747 777. 777. 777. 777.

 

