GLANDES 8811111681.

corp. Index corp. Index
64*727*⁴58 1116166666-1-868 6617871566 Ais-num)

669 1661666166-667
666 inc. 1661. 66
661 6666

666 naq-5³⁷
666 866-6-866
6666 8676166661
6666 8676166666
666 866

6666 8666166666
666 616-1-867-6-1666μ
666 666-6666 inc.
667 86

666 766

666 668

676 Ga

661 666-6616
676 1166166661
676 16616669
676 1116166666
676 Τ6

676 81

677 1661

676 866

676 66

686 066

666 016

666, 8666116666
688 166

666 069

6666 069

666 16616666
6666 inc. 1666 6-1-16163. 6
666 Ao

6666 666-166666
687 Lm

666 667

669 667

696 06

661 866

696 816176

696 666

696 [666-166666
6966 666

696 066

696 766

666 vm)
69761166

6976 1116

668 1116

6966 1166 -6- imag. 6
669 666

666 666

661 816

666 666

6666 8166116666
666 8166

666 89

666 816161

666 867

667 8676166666
668 869

669 866

—--—-

6) 66661666.
vl

6) ’1161611111 7.

616 666-6-666
616 666

666 86

616 679

616 676

666 679

667 769

616 766

669 ’8666116666
666 Ma

6666 1166166666
661 1666

666 0666166666
666 86

6666 8661166666
666 066

6666 066

666 867

666 166-1-866
667 166-1-166166616
668 816

6666 8166166666
666 668

666 866

681 Aa*

666 666

666 666

666 117

666 866

666 868

667 866

668 ,616

666 leq-Len
666 116-1-866
661 866

666 866619
666 866-6-866
666 961-1-616
666 1666681666
666 Aa

667 Aa

666 866

666 861

666 866

661 817

666 676

666 666

666 666

666 86

666 86

667 86

666 86

666 1166

669 86

661 6666166.
666 1166

666 1166166666
666 16616666
666 66616666
666 6111

667 117

668 1196616666

6) 7616. Xll 66.
6

 

